-5.235607e-04	-1.209216e+00	8.771479e-02
1.890052e-01	-1.238497e+00	8.614470e-02
3.785340e-01	-1.573663e+00	8.300889e-02
5.680628e-01	-2.517079e+00	8.058737e-02
7.575916e-01	-3.400252e+00	9.008687e-02
9.471203e-01	-4.177636e+00	9.204326e-02
1.136649e+00	-4.647924e+00	7.160019e-02
1.326178e+00	-4.709241e+00	7.148265e-02
1.515707e+00	-4.377372e+00	7.210628e-02
1.705235e+00	-3.694311e+00	7.332431e-02
1.894764e+00	-2.716630e+00	6.688495e-02
2.084293e+00	-1.664460e+00	6.224951e-02
2.273822e+00	-7.488161e-01	6.674548e-02
2.463351e+00	-3.843892e-01	3.172452e-02
2.652879e+00	-3.602421e-01	3.928863e-02
2.842408e+00	-2.727831e-01	2.711167e-02
3.031937e+00	-1.250866e-01	3.808036e-02
3.221466e+00	-5.952383e-02	3.030966e-02
3.410995e+00	-4.678990e-02	1.526770e-02
3.600523e+00	0.000000e+00	0.000000e+00
